2 0.484375 0.13984375 0.0703125 0.0953125
2 0.0796875 0.190625 0.059375 0.0953125
2 0.2171875 0.26484375 0.0515625 0.1015625
2 0.6671875 0.271875 0.078125 0.1078125
2 0.35 0.28046875 0.059375 0.0859375
9 0.0828125 0.38984375 0.1140625 0.2765625
9 0.01640625 0.403125 0.0328125 0.1390625
9 0.4828125 0.42265625 0.1296875 0.340625
9 0.22890625 0.42265625 0.096875 0.2390625
9 0.14375 0.42890625 0.0375 0.159375
9 0.42109375 0.475 0.0265625 0.121875
9 0.3015625 0.48671875 0.0171875 0.1453125
9 0.2765625 0.49375 0.0296875 0.10625
9 0.53046875 0.496875 0.0484375 0.20625
9 0.384375 0.50234375 0.0515625 0.1625
9 0.178125 0.503125 0.0203125 0.0859375
9 0.3421875 0.50390625 0.10625 0.28125
9 0.65546875 0.6171875 0.159375 0.46875
9 0.55 0.678125 0.05625 0.25625
9 0.72890625 0.7453125 0.0671875 0.2078125
8 0.07734375 0.4828125 0.1375 0.715625
8 0.21796875 0.52734375 0.11875 0.640625
8 0.34375 0.55234375 0.125 0.675
8 0.4671875 0.54296875 0.134375 0.9125
8 0.66640625 0.59765625 0.2453125 0.803125
3 0.0828125 0.209375 0.0953125 0.1546875
3 0.22265625 0.26484375 0.0828125 0.1375
3 0.3546875 0.3078125 0.08125 0.1515625
3 0.47890625 0.1671875 0.109375 0.178125
3 0.66640625 0.30078125 0.10625 0.2546875
0 0.034375 0.7484375 0.059375 0.125
0 0.1078125 0.74140625 0.0453125 0.1125
0 0.19296875 0.7375 0.05625 0.165625
0 0.253125 0.753125 0.0375 0.19375
0 0.31171875 0.78359375 0.0609375 0.1609375
0 0.36640625 0.81171875 0.0453125 0.2
0 0.434375 0.90859375 0.05625 0.10625
0 0.49140625 0.928125 0.05625 0.1421875