2 0.25859375 0.2125 0.0265625 0.0421875
2 0.54765625 0.22734375 0.025 0.0484375
2 0.37421875 0.2453125 0.028125 0.0453125
2 0.61484375 0.2546875 0.0265625 0.0453125
2 0.43828125 0.2734375 0.028125 0.046875
2 0.503125 0.28828125 0.021875 0.03125
9 0.55 0.334375 0.0546875 0.1296875
2 0.25390625 0.34296875 0.0625 0.1578125
9 0.5671875 0.346875 0.0203125 0.0921875
9 0.36796875 0.3484375 0.0390625 0.1296875
9 0.434375 0.3578125 0.0484375 0.115625
9 0.34296875 0.35859375 0.025 0.0703125
9 0.49921875 0.37421875 0.0421875 0.115625
9 0.51796875 0.37421875 0.0203125 0.071875
9 0.61171875 0.37421875 0.059375 0.1546875
9 0.46015625 0.38203125 0.0140625 0.046875
9 0.47578125 0.38359375 0.0140625 0.0609375
9 0.4125 0.3875 0.0125 0.0515625
9 0.58125 0.42109375 0.015625 0.071875
9 0.6390625 0.42421875 0.0234375 0.0640625
8 0.25546875 0.40078125 0.090625 0.421875
8 0.359375 0.3734375 0.075 0.321875
8 0.43984375 0.39140625 0.0671875 0.303125
8 0.49375 0.4078125 0.0671875 0.2875
8 0.5484375 0.38828125 0.065625 0.3875
8 0.62734375 0.4234375 0.0921875 0.3640625
3 0.25078125 0.221875 0.053125 0.0828125
3 0.37421875 0.259375 0.046875 0.0890625
3 0.43671875 0.28125 0.0375 0.0671875
3 0.50234375 0.30546875 0.03125 0.0625
3 0.55 0.23515625 0.0484375 0.08125
3 0.6125 0.271875 0.0484375 0.0828125
0 0.23125 0.5671875 0.0484375 0.06875
0 0.28203125 0.575 0.040625 0.06875
0 0.35078125 0.521875 0.0328125 0.0609375
0 0.375 0.51796875 0.028125 0.059375
0 0.53359375 0.5203125 0.0140625 0.08125
0 0.56171875 0.5375 0.0265625 0.078125
0 0.6359375 0.57265625 0.040625 0.1140625
0 0.60078125 0.56953125 0.0375 0.09375
0 0.425 0.51484375 0.03125 0.0640625
0 0.44609375 0.52265625 0.0328125 0.0671875
0 0.4828125 0.51875 0.0359375 0.0484375
0 0.5109375 0.5203125 0.01875 0.040625