8 0.5953125 0.58671875 0.0734375 0.3578125
8 0.93515625 0.68203125 0.128125 0.634375
8 0.72109375 0.578125 0.1140625 0.5046875
8 0.35078125 0.62421875 0.115625 0.5296875
2 0.44765625 0.41015625 0.021875 0.0390625
2 0.58828125 0.43203125 0.028125 0.04375
9 0.715625 0.50390625 0.075 0.1953125
9 0.34609375 0.55390625 0.0796875 0.2265625
9 0.58828125 0.5578125 0.059375 0.15625
8 0.4828125 0.6296875 0.1765625 0.7390625
9 0.94453125 0.62578125 0.10625 0.303125
0 0.7453125 0.79765625 0.0609375 0.0796875
9 0.4703125 0.628125 0.14375 0.3984375
0 0.315625 0.840625 0.0453125 0.103125
0 0.37734375 0.83828125 0.04375 0.0984375
3 0.4875 0.33515625 0.0921875 0.1421875
3 0.3421875 0.4078125 0.0515625 0.1
3 0.71953125 0.3703125 0.0453125 0.096875
3 0.95703125 0.4171875 0.0625 0.1078125