9 0.159375 0.378125 0.103125 0.2890625
9 0.5421875 0.3984375 0.046875 0.1875
9 0.396875 0.403125 0.0625 0.19375
9 0.47265625 0.4125 0.09375 0.2546875
9 0.5984375 0.4328125 0.08125 0.234375
9 0.315625 0.45234375 0.09375 0.2640625
8 0.16796875 0.4875 0.1640625 0.7828125
8 0.315625 0.515625 0.1140625 0.60625
9 0.76875 0.5828125 0.1078125 0.26875
0 0.68828125 0.7796875 0.05 0.078125
0 0.2171875 0.78046875 0.0828125 0.10625
0 0.14140625 0.85234375 0.071875 0.0953125
0 0.659375 0.753125 0.059375 0.059375
0 0.6125 0.71796875 0.0515625 0.071875
0 0.28359375 0.78046875 0.05 0.075
8 0.3984375 0.496875 0.09375 0.5234375
8 0.46953125 0.490625 0.0953125 0.61875
8 0.7765625 0.6546875 0.1234375 0.5671875
0 0.50859375 0.7375 0.059375 0.15
0 0.434375 0.7453125 0.0484375 0.134375
0 0.3546875 0.74140625 0.0609375 0.1234375
3 0.17109375 0.165625 0.0671875 0.1296875
3 0.31953125 0.2625 0.053125 0.0984375
3 0.40078125 0.2765625 0.046875 0.071875
3 0.47734375 0.23359375 0.05625 0.1078125
3 0.534375 0.26640625 0.04375 0.075
3 0.60390625 0.3015625 0.0484375 0.096875
3 0.778125 0.4125 0.0609375 0.0984375