2 0.2078125 0.19296875 0.225 0.2296875
2 0.63359375 0.2484375 0.178125 0.259375
9 0.7625 0.63046875 0.2703125 0.621875
9 0.1203125 0.66640625 0.2359375 0.65625
9 0.584375 0.68203125 0.1015625 0.2234375
9 0.30703125 0.68671875 0.0875 0.1015625
9 0.446875 0.71328125 0.16875 0.2796875
2 0.4421875 0.8421875 0.084375 0.196875
9 0.27421875 0.8546875 0.2265625 0.25
9 0.67109375 0.86640625 0.2640625 0.265625
8 0.175 0.53515625 0.35 0.928125
8 0.45390625 0.66875 0.171875 0.5296875
8 0.71875 0.56484375 0.3359375 0.86875
3 0.19453125 0.2546875 0.2203125 0.384375
3 0.63203125 0.284375 0.225 0.340625