2 0.1703125 0.14921875 0.0625 0.090625
2 0.47578125 0.22734375 0.0484375 0.0875
2 0.31640625 0.25078125 0.046875 0.071875
2 0.534375 0.26015625 0.0375 0.0625
2 0.39765625 0.26640625 0.0328125 0.0515625
2 0.6078125 0.29375 0.040625 0.090625
9 0.159375 0.378125 0.103125 0.2890625
2 0.7828125 0.39375 0.059375 0.0625
9 0.5421875 0.3984375 0.0484375 0.1875
9 0.396875 0.403125 0.0625 0.1921875
9 0.47265625 0.4125 0.09375 0.2546875
9 0.5984375 0.4328125 0.08125 0.234375
9 0.315625 0.45234375 0.09375 0.2640625
9 0.76875 0.5828125 0.1078125 0.26875
0 0.68828125 0.7796875 0.05 0.0765625
0 0.2171875 0.78046875 0.0828125 0.10625
0 0.14140625 0.85234375 0.071875 0.0953125
0 0.659375 0.753125 0.059375 0.059375
0 0.6125 0.71796875 0.0515625 0.071875
0 0.284375 0.78046875 0.0484375 0.075
1 0.10625 0.44453125 0.084375 0.1625
1 0.21328125 0.4234375 0.0859375 0.159375
1 0.27109375 0.48828125 0.053125 0.15625
1 0.35390625 0.4875 0.075 0.1765625
1 0.4265625 0.43515625 0.05625 0.1375
1 0.52578125 0.44453125 0.0671875 0.15625
1 0.6671875 0.62421875 0.0359375 0.103125
3 0.16015625 0.16328125 0.090625 0.16875
3 0.31171875 0.26171875 0.0640625 0.16875
3 0.39296875 0.27109375 0.059375 0.134375
3 0.471875 0.24140625 0.059375 0.1625
3 0.53203125 0.27421875 0.0484375 0.1296875
3 0.61015625 0.28828125 0.05 0.1671875
3 0.78515625 0.415625 0.059375 0.15
6 0.6671875 0.3328125 0.0578125 0.10625
8 0.16875 0.4796875 0.165625 0.8421875
8 0.31640625 0.4875 0.121875 0.7390625
8 0.39296875 0.50859375 0.0671875 0.684375
8 0.475 0.4796875 0.071875 0.725
8 0.534375 0.50234375 0.0640625 0.6453125
8 0.584375 0.45 0.1296875 0.7015625
8 0.6625 0.5296875 0.103125 0.5984375
8 0.7765625 0.621875 0.1546875 0.6265625