8 0.46796875 0.5078125 0.3015625 0.9828125
8 0.19375 0.5125 0.2234375 0.9734375
2 0.21953125 0.09296875 0.0875 0.096875
9 0.21015625 0.40703125 0.1375 0.365625
4 0.16796875 0.9765625 0.0390625 0.0453125
4 0.2484375 0.91640625 0.075 0.0921875
4 0.44140625 0.96484375 0.078125 0.06875
4 0.496875 0.95234375 0.0453125 0.0921875
6 0.49921875 0.11171875 0.1625 0.2046875
3 0.2234375 0.14296875 0.115625 0.2
7 0.48125 0.39375 0.2390625 0.4328125
5 0.47890625 0.36796875 0.0671875 0.084375
5 0.3578125 0.54296875 0.0671875 0.1015625