2 0.2203125 0.3078125 0.059375 0.0609375
2 0.58515625 0.27890625 0.06875 0.0671875
2 0.69765625 0.32109375 0.0609375 0.0578125
9 0.4046875 0.5546875 0.1203125 0.2890625
9 0.6 0.47890625 0.0984375 0.2734375
9 0.70546875 0.52109375 0.1078125 0.2546875
2 0.409375 0.33984375 0.06875 0.0859375
0 0.24921875 0.8421875 0.065625 0.028125
0 0.36015625 0.9296875 0.0375 0.03125
0 0.42109375 0.93046875 0.034375 0.0328125
0 0.6 0.92109375 0.075 0.040625
0 0.68828125 0.9109375 0.0734375 0.0328125
0 0.1265625 0.81328125 0.05 0.0875
8 0.20078125 0.56484375 0.1921875 0.628125
8 0.3875 0.61953125 0.184375 0.684375
8 0.596875 0.603125 0.1828125 0.7375
8 0.71328125 0.61328125 0.175 0.65625
3 0.2125 0.3234375 0.0875 0.146875
3 0.4109375 0.36015625 0.0921875 0.1578125
3 0.5890625 0.3015625 0.1109375 0.15
3 0.69921875 0.34609375 0.09375 0.1640625