9 0.2796875 0.471875 0.240625 0.2484375
8 0.584375 0.58125 0.3375 0.740625
9 0.575 0.459375 0.240625 0.2390625
0 0.1671875 0.92265625 0.1078125 0.0609375
0 0.334375 0.91875 0.125 0.06875
8 0.26953125 0.57421875 0.3359375 0.765625
0 0.52265625 0.9125 0.115625 0.078125
3 0.28125 0.2953125 0.125 0.1171875
0 0.6703125 0.91484375 0.0984375 0.0625
3 0.559375 0.2890625 0.1140625 0.1140625
5 0.72109375 0.61640625 0.0515625 0.05
5 0.4046875 0.63203125 0.046875 0.065625
5 0.453125 0.6203125 0.04375 0.0640625