2 0.04375 0.2546875 0.0875 0.10625
2 0.29609375 0.26875 0.1 0.0890625
2 0.50625 0.27578125 0.1 0.090625
2 0.7015625 0.24921875 0.1 0.1015625
2 0.90078125 0.13359375 0.121875 0.125
9 0.08046875 0.459375 0.1609375 0.321875
9 0.31171875 0.45859375 0.1625 0.3171875
9 0.51484375 0.4640625 0.175 0.28125
9 0.7078125 0.4515625 0.159375 0.3015625
0 0.02109375 0.828125 0.0421875 0.1171875
0 0.09296875 0.83671875 0.0796875 0.1140625
0 0.2703125 0.78359375 0.1078125 0.10625
0 0.32890625 0.8109375 0.103125 0.1140625
0 0.49921875 0.76484375 0.1 0.0953125
0 0.5453125 0.8078125 0.09375 0.0953125
0 0.66640625 0.8 0.090625 0.0734375
0 0.71015625 0.83828125 0.1 0.090625
0 0.87265625 0.83515625 0.1203125 0.1015625
0 0.921875 0.86953125 0.1484375 0.1125
8 0.9 0.5203125 0.1984375 0.89375
8 0.70625 0.55234375 0.1796875 0.7
8 0.51953125 0.53828125 0.1953125 0.6296875
8 0.2921875 0.5375 0.1921875 0.6453125
8 0.07421875 0.5453125 0.1484375 0.6921875
1 0.88203125 0.5515625 0.13125 0.21875
1 0.6828125 0.54140625 0.159375 0.1921875
1 0.503125 0.559375 0.175 0.146875
1 0.2765625 0.5515625 0.146875 0.1875
1 0.06640625 0.60625 0.109375 0.1859375
3 0.04296875 0.28203125 0.0859375 0.178125
3 0.2921875 0.29140625 0.1078125 0.1546875
3 0.51015625 0.2984375 0.090625 0.1421875
3 0.6984375 0.26875 0.0984375 0.1515625
3 0.89375 0.1546875 0.103125 0.1609375