2 0.2484375 0.67109375 0.09375 0.1265625
2 0.36953125 0.5859375 0.0296875 0.0390625
2 0.56875 0.6171875 0.021875 0.03125
2 0.86171875 0.40078125 0.090625 0.0984375
2 0.52109375 0.58671875 0.0265625 0.0265625
9 0.22734375 0.88515625 0.15 0.228125
9 0.8953125 0.67109375 0.1734375 0.4078125
9 0.49921875 0.65078125 0.0484375 0.10625
9 0.6 0.67890625 0.0625 0.1078125
8 0.84765625 0.628125 0.303125 0.5734375
8 0.2296875 0.79765625 0.19375 0.403125
8 0.35234375 0.68046875 0.125 0.25625
8 0.50703125 0.65859375 0.0609375 0.1765625
8 0.59765625 0.70859375 0.1015625 0.2453125
3 0.871875 0.434375 0.1375 0.1859375
3 0.57265625 0.6140625 0.0625 0.08125
3 0.246875 0.69453125 0.128125 0.2234375