2 0.33828125 0.44765625 0.0390625 0.0453125
2 0.45390625 0.41953125 0.0328125 0.0359375
2 0.55390625 0.4296875 0.0328125 0.0390625
2 0.63828125 0.42578125 0.0359375 0.046875
2 0.69609375 0.4203125 0.053125 0.053125
0 0.33046875 0.80703125 0.0203125 0.0359375
0 0.359375 0.7875 0.0390625 0.021875
0 0.47734375 0.7546875 0.021875 0.021875
0 0.51875 0.75859375 0.0265625 0.0296875
0 0.56484375 0.79375 0.0328125 0.0234375
0 0.596875 0.81171875 0.0203125 0.0296875
0 0.646875 0.81484375 0.0421875 0.01875
0 0.67890625 0.83828125 0.0234375 0.028125
0 0.71171875 0.934375 0.0578125 0.0390625
8 0.334375 0.6265625 0.159375 0.434375
8 0.471875 0.5890625 0.1265625 0.390625
8 0.56953125 0.6140625 0.0984375 0.43125
8 0.7234375 0.6734375 0.125 0.596875
8 0.64921875 0.628125 0.0984375 0.4515625
3 0.33828125 0.46015625 0.0703125 0.0953125
3 0.46015625 0.428125 0.06875 0.090625
3 0.565625 0.440625 0.0375 0.10625
3 0.64375 0.4328125 0.0765625 0.1125
5 0.29921875 0.6140625 0.0359375 0.0828125
5 0.37265625 0.60234375 0.05625 0.084375
5 0.47265625 0.56328125 0.059375 0.075