3 0.103125 0.215625 0.0671875 0.15
3 0.64296875 0.17265625 0.0546875 0.1234375
3 0.75390625 0.17421875 0.059375 0.125
3 0.8265625 0.46953125 0.053125 0.13125
9 0.09609375 0.4390625 0.153125 0.325
9 0.62578125 0.365625 0.115625 0.259375
9 0.76171875 0.3484375 0.1171875 0.253125
9 0.85390625 0.6328125 0.1234375 0.2265625
0 0.2 0.97734375 0.0796875 0.04375
0 0.753125 0.81796875 0.0609375 0.0421875
0 0.7921875 0.86640625 0.0671875 0.0484375
0 0.8796875 0.85234375 0.034375 0.06875
8 0.825 0.646875 0.1796875 0.4890625
8 0.76875 0.48046875 0.153125 0.7265625
8 0.6234375 0.47734375 0.146875 0.7265625
0 0.65546875 0.8078125 0.0828125 0.075
0 0.084375 0.97265625 0.0578125 0.053125
8 0.12109375 0.57265625 0.2421875 0.853125
1 0.7953125 0.69140625 0.04375 0.0546875
1 0.79765625 0.76484375 0.0515625 0.053125
1 0.22578125 0.40546875 0.0375 0.065625
1 0.03984375 0.63984375 0.04375 0.053125