2 0.0328125 0.3609375 0.065625 0.10625
2 0.13125 0.3578125 0.075 0.0828125
2 0.19765625 0.434375 0.059375 0.075
2 0.31640625 0.3796875 0.046875 0.05625
2 0.46953125 0.396875 0.040625 0.053125
2 0.52421875 0.41328125 0.0359375 0.0453125
2 0.58671875 0.4328125 0.040625 0.0421875
2 0.6703125 0.39609375 0.040625 0.0421875
2 0.7109375 0.43359375 0.046875 0.0703125
2 0.846875 0.46796875 0.06875 0.075
0 0.2125 0.97578125 0.059375 0.028125
0 0.3 0.93828125 0.0296875 0.040625
0 0.33671875 0.9328125 0.0421875 0.040625
0 0.428125 0.87578125 0.021875 0.0359375
0 0.48515625 0.8734375 0.0359375 0.0359375
0 0.54140625 0.84375 0.028125 0.03125
0 0.49765625 0.83671875 0.0265625 0.025
0 0.565625 0.865625 0.0421875 0.0359375
0 0.60546875 0.8859375 0.03125 0.0484375
0 0.6390625 0.86015625 0.040625 0.0328125
0 0.6734375 0.92109375 0.04375 0.025
0 0.7015625 0.94453125 0.046875 0.0328125
8 0.85859375 0.70625 0.1484375 0.584375
8 0.703125 0.67890625 0.0859375 0.5609375
8 0.66328125 0.63203125 0.0765625 0.521875
8 0.596875 0.66328125 0.090625 0.51875
8 0.52734375 0.60703125 0.0703125 0.465625
8 0.4578125 0.63515625 0.0921875 0.55
8 0.32109375 0.65859375 0.13125 0.6265625
8 0.1953125 0.690625 0.0859375 0.615625
8 0.11953125 0.65703125 0.121875 0.684375
8 0.03671875 0.64765625 0.0734375 0.7
3 0.309375 0.403125 0.0953125 0.1640625
3 0.196875 0.45859375 0.084375 0.1359375
3 0.128125 0.3890625 0.0890625 0.1578125
3 0.0296875 0.41171875 0.059375 0.2296875
3 0.46796875 0.409375 0.0515625 0.15
3 0.5203125 0.43671875 0.0703125 0.134375
3 0.5921875 0.44296875 0.0640625 0.134375
3 0.64375 0.41328125 0.096875 0.1390625
3 0.72734375 0.44140625 0.0890625 0.1328125
3 0.85 0.4828125 0.1140625 0.1375