9 0.21171875 0.2484375 0.0640625 0.046875
9 0.3171875 0.315625 0.065625 0.0765625
9 0.50625 0.3109375 0.0578125 0.0515625
9 0.8046875 0.5375 0.0625 0.084375
3 0.809375 0.48125 0.028125 0.0375
3 0.31015625 0.25625 0.0359375 0.0359375
0 0.76015625 0.7015625 0.0328125 0.0359375
0 0.33671875 0.425 0.021875 0.053125
0 0.30078125 0.40859375 0.03125 0.05
0 0.2453125 0.39765625 0.0265625 0.0640625
0 0.20390625 0.35 0.025 0.0515625
0 0.53828125 0.40546875 0.0234375 0.0375
0 0.51953125 0.40078125 0.0234375 0.034375
8 0.778125 0.61484375 0.1140625 0.321875
8 0.4984375 0.35 0.1078125 0.159375
8 0.2078125 0.3109375 0.1125 0.240625
8 0.3171875 0.34609375 0.090625 0.20625
0 0.51875 0.3984375 0.025 0.04375