2 0.5515625 0.346875 0.0796875 0.0640625
9 0.54453125 0.52421875 0.1296875 0.2140625
9 0.67421875 0.49921875 0.121875 0.2484375
0 0.52421875 0.87109375 0.0609375 0.1171875
0 0.56328125 0.8671875 0.040625 0.140625
0 0.634375 0.86015625 0.08125 0.115625
0 0.72890625 0.87578125 0.0671875 0.13125
2 0.65703125 0.31875 0.0734375 0.0515625
8 0.69609375 0.6296875 0.1890625 0.6859375
8 0.5203125 0.6234375 0.2015625 0.6625
3 0.53984375 0.3546875 0.0828125 0.1234375
3 0.6625 0.34296875 0.0921875 0.1203125
5 0.440625 0.6296875 0.06875 0.084375