9 0.746875 0.59296875 0.2875 0.178125
9 0.23515625 0.6 0.303125 0.178125
9 0.27265625 0.865625 0.2734375 0.165625
9 0.7453125 0.86640625 0.2484375 0.1625
9 0.75390625 0.2859375 0.265625 0.178125
9 0.26875 0.29609375 0.28125 0.1796875
8 0.26875 0.25703125 0.3296875 0.2796875
8 0.2453125 0.55390625 0.3484375 0.28125
8 0.2828125 0.84609375 0.3484375 0.284375
8 0.74921875 0.8484375 0.36875 0.278125
8 0.740625 0.55 0.35625 0.284375
8 0.74765625 0.26015625 0.3328125 0.2828125
6 0.26640625 0.16328125 0.1140625 0.071875
6 0.75625 0.1625 0.1046875 0.075
6 0.23515625 0.4625 0.1296875 0.0828125
6 0.7375 0.45625 0.121875 0.08125
6 0.271875 0.74296875 0.1109375 0.071875
6 0.74453125 0.74296875 0.1015625 0.06875
5 0.16484375 0.96953125 0.059375 0.05625
5 0.4109375 0.9671875 0.0515625 0.0453125
5 0.60703125 0.96328125 0.065625 0.0515625
5 0.8890625 0.96328125 0.059375 0.0515625