9 0.48359375 0.4125 0.2640625 0.43125
9 0.8265625 0.434375 0.2703125 0.44375
9 0.175 0.3859375 0.2015625 0.3375
0 0.2734375 0.76640625 0.078125 0.1
8 0.1640625 0.478125 0.328125 0.7
8 0.45625 0.42421875 0.3265625 0.8484375
8 0.80078125 0.43359375 0.396875 0.8515625
6 0.4796875 0.0984375 0.14375 0.18125
6 0.8375 0.103125 0.1375 0.1890625
6 0.0703125 0.20546875 0.1328125 0.1421875
5 0.18046875 0.28359375 0.0609375 0.078125
5 0.05859375 0.575 0.059375 0.059375
5 0.32734375 0.62265625 0.0484375 0.0890625
5 0.6859375 0.615625 0.0578125 0.0859375