9 0.48359375 0.4125 0.2640625 0.4296875
9 0.8265625 0.434375 0.2703125 0.4421875
9 0.175 0.3859375 0.2015625 0.3375
0 0.2734375 0.76640625 0.078125 0.1
8 0.1640625 0.478125 0.328125 0.7
8 0.45625 0.42421875 0.3265625 0.8484375
8 0.80078125 0.43359375 0.396875 0.8515625
6 0.475 0.0921875 0.1421875 0.184375
6 0.83046875 0.1 0.140625 0.1890625
6 0.07109375 0.20859375 0.1421875 0.1546875
5 0.18828125 0.28359375 0.0640625 0.0828125
5 0.33515625 0.625 0.05625 0.090625
5 0.68984375 0.6140625 0.0546875 0.084375
5 0.0609375 0.57578125 0.059375 0.0640625