9 0.14140625 0.37734375 0.1546875 0.2390625
9 0.32734375 0.4453125 0.1296875 0.2734375
9 0.684375 0.475 0.36875 0.5359375
9 0.29765625 0.7625 0.1765625 0.1625
9 0.14921875 0.80546875 0.1390625 0.1578125
8 0.3046875 0.80390625 0.203125 0.390625
8 0.1359375 0.82421875 0.19375 0.35
8 0.15078125 0.3765625 0.23125 0.440625
8 0.32265625 0.39140625 0.16875 0.4015625
6 0.153125 0.22109375 0.1546875 0.1453125
6 0.31953125 0.2640625 0.14375 0.1640625
6 0.128125 0.70546875 0.1 0.115625
6 0.284375 0.6609375 0.1265625 0.103125