2 0.315625 0.146875 0.040625 0.04375
2 0.6734375 0.1859375 0.04375 0.053125
2 0.46796875 0.20625 0.0375 0.0484375
8 0.32890625 0.5234375 0.13125 0.578125
8 0.47578125 0.596875 0.1546875 0.5
8 0.67578125 0.40703125 0.1171875 0.509375
8 0.46171875 0.26796875 0.096875 0.16875
8 0.3015625 0.26640625 0.103125 0.275
6 0.3046875 0.27578125 0.1015625 0.13125
6 0.475 0.37578125 0.11875 0.115625
3 0.6796875 0.2078125 0.075 0.115625
3 0.475 0.22578125 0.053125 0.090625
3 0.31796875 0.17265625 0.08125 0.115625
0 0.621875 0.6125 0.0734375 0.1140625
0 0.68671875 0.61171875 0.06875 0.1265625
7 0.684375 0.3625 0.1421875 0.228125
7 0.47734375 0.5296875 0.1296875 0.2390625
7 0.321875 0.4421875 0.1515625 0.2546875