9 0.74453125 0.61328125 0.509375 0.771875
9 0.1140625 0.6328125 0.0953125 0.359375
9 0.05703125 0.65234375 0.0671875 0.328125
9 0.3875 0.659375 0.2984375 0.6796875
9 0.1640625 0.6671875 0.1484375 0.4859375
9 0.25703125 0.72265625 0.1359375 0.553125
8 0.7734375 0.49921875 0.4515625 0.9984375
8 0.3859375 0.60078125 0.228125 0.7953125
8 0.26484375 0.65 0.096875 0.6984375
8 0.16875 0.65546875 0.075 0.6859375
8 0.090625 0.68125 0.0796875 0.6359375
6 0.69375 0.203125 0.2625 0.35625
6 0.3765625 0.33046875 0.1703125 0.2375
6 0.26484375 0.40859375 0.0921875 0.178125
6 0.17265625 0.425 0.0875 0.2109375
6 0.1109375 0.45703125 0.06875 0.16875
6 0.05078125 0.52578125 0.046875 0.109375