9 0.74609375 0.61875 0.50625 0.7609375
9 0.10390625 0.63984375 0.0828125 0.3921875
9 0.053125 0.653125 0.0671875 0.334375
9 0.38515625 0.659375 0.3015625 0.6796875
9 0.1609375 0.67109375 0.140625 0.4890625
9 0.2296875 0.715625 0.175 0.5671875
8 0.7578125 0.50078125 0.4828125 0.996875
8 0.4109375 0.60546875 0.23125 0.7875
8 0.25625 0.6640625 0.0953125 0.6703125
8 0.1609375 0.675 0.1015625 0.646875
8 0.10078125 0.7 0.0609375 0.5984375
8 0.04921875 0.70703125 0.059375 0.584375
6 0.7171875 0.19609375 0.2515625 0.3609375
6 0.36953125 0.33046875 0.209375 0.2703125