9 0.74921875 0.61953125 0.4984375 0.759375
9 0.11015625 0.64140625 0.1 0.396875
9 0.0640625 0.65703125 0.059375 0.3421875
9 0.3875 0.66015625 0.2984375 0.678125
9 0.16875 0.6671875 0.1484375 0.4703125
9 0.26015625 0.72578125 0.1375 0.5453125
8 0.7609375 0.50703125 0.425 0.9828125
8 0.403125 0.61171875 0.2328125 0.775
8 0.2515625 0.6625 0.11875 0.6734375
8 0.18671875 0.6703125 0.1203125 0.6578125
8 0.10390625 0.6890625 0.10625 0.6203125
6 0.690625 0.18359375 0.2671875 0.3671875
6 0.35859375 0.34453125 0.165625 0.2296875
6 0.26171875 0.40546875 0.10625 0.16875
6 0.1875 0.41640625 0.0984375 0.1484375
6 0.0953125 0.440625 0.0875 0.11875