9 0.74921875 0.6171875 0.4984375 0.7640625
9 0.10625 0.64609375 0.0953125 0.3953125
9 0.38984375 0.659375 0.2984375 0.6796875
9 0.06328125 0.659375 0.0671875 0.3296875
9 0.1703125 0.67109375 0.1515625 0.49375
9 0.26484375 0.72421875 0.134375 0.55
8 0.7828125 0.5015625 0.4328125 0.9953125
8 0.39921875 0.60546875 0.2125 0.7875
8 0.265625 0.66640625 0.0625 0.665625
8 0.16640625 0.67109375 0.0921875 0.6265625
8 0.096875 0.68671875 0.0765625 0.6234375
6 0.69609375 0.18671875 0.2359375 0.3734375
6 0.371875 0.32734375 0.146875 0.259375
6 0.26796875 0.40546875 0.115625 0.1765625
6 0.18828125 0.428125 0.0953125 0.1453125
6 0.1140625 0.43125 0.075 0.1234375
6 0.06484375 0.49296875 0.0671875 0.084375